interval,correlation matrix
1928 - 1938,"                  acousticness  danceability  duration_ms    energy  explicit  \
acousticness          1.000000     -0.998538     0.997641 -0.977056       NaN   
danceability         -0.998538      1.000000    -0.992471  0.987141       NaN   
duration_ms           0.997641     -0.992471     1.000000 -0.960131       NaN   
energy               -0.977056      0.987141    -0.960131  1.000000       NaN   
explicit                   NaN           NaN          NaN       NaN       NaN   
instrumentalness     -0.989774      0.996038    -0.977647  0.997446       NaN   
key                  -0.609274      0.651250    -0.553404  0.764181       NaN   
liveness              0.939977     -0.957050     0.914336 -0.991088       NaN   
loudness             -0.185913      0.238759    -0.118027  0.390918       NaN   
mode                 -0.988847      0.995453    -0.976291  0.997879       NaN   
popularity            0.269212     -0.320882     0.202466 -0.468155       NaN   
speechiness          -0.993037      0.985217    -0.998781  0.945163       NaN   
tempo                 0.842171     -0.811789     0.877198 -0.708005       NaN   
valence              -0.941275      0.921645    -0.962232  0.847766       NaN   
year                 -0.988847      0.995453    -0.976291  0.997879       NaN   

                  instrumentalness       key  liveness  loudness      mode  \
acousticness             -0.989774 -0.609274  0.939977 -0.185913 -0.988847   
danceability              0.996038  0.651250 -0.957050  0.238759  0.995453   
duration_ms              -0.977647 -0.553404  0.914336 -0.118027 -0.976291   
energy                    0.997446  0.764181 -0.991088  0.390918  0.997879   
explicit                       NaN       NaN       NaN       NaN       NaN   
instrumentalness          1.000000  0.716156 -0.979041  0.324172  0.999980   
key                       0.716156  1.000000 -0.843290  0.892408  0.720577   
liveness                 -0.979041 -0.843290  1.000000 -0.510042 -0.980316   
loudness                  0.324172  0.892408 -0.510042  1.000000  0.330177   
mode                      0.999980  0.720577 -0.980316  0.330177  1.000000   
popularity               -0.403839 -0.927708  0.581691 -0.996341 -0.409644   
speechiness               0.966078  0.511620 -0.893235  0.068872  0.964418   
tempo                    -0.756642 -0.085540  0.607623  0.373239 -0.752472   
valence                   0.883485  0.305757 -0.769561 -0.156760  0.880490   
year                      0.999980  0.720577 -0.980316  0.330177  1.000000   

                  popularity  speechiness     tempo   valence      year  
acousticness        0.269212    -0.993037  0.842171 -0.941275 -0.988847  
danceability       -0.320882     0.985217 -0.811789  0.921645  0.995453  
duration_ms         0.202466    -0.998781  0.877198 -0.962232 -0.976291  
energy             -0.468155     0.945163 -0.708005  0.847766  0.997879  
explicit                 NaN          NaN       NaN       NaN       NaN  
instrumentalness   -0.403839     0.966078 -0.756642  0.883485  0.999980  
key                -0.927708     0.511620 -0.085540  0.305757  0.720577  
liveness            0.581691    -0.893235  0.607623 -0.769561 -0.980316  
loudness           -0.996341     0.068872  0.373239 -0.156760  0.330177  
mode               -0.409644     0.964418 -0.752472  0.880490  1.000000  
popularity          1.000000    -0.153886 -0.292582  0.071775 -0.409644  
speechiness        -0.153886     1.000000 -0.899826  0.974495  0.964418  
tempo              -0.292582    -0.899826  1.000000 -0.974774 -0.752472  
valence             0.071775     0.974495 -0.974774  1.000000  0.880490  
year               -0.409644     0.964418 -0.752472  0.880490  1.000000  "
1938 - 1948,"                  acousticness  danceability  duration_ms    energy  explicit  \
acousticness          1.000000     -0.162822     0.278256 -0.588614       NaN   
danceability         -0.162822      1.000000    -0.480433  0.388296       NaN   
duration_ms           0.278256     -0.480433     1.000000 -0.010174       NaN   
energy               -0.588614      0.388296    -0.010174  1.000000       NaN   
explicit                   NaN           NaN          NaN       NaN       NaN   
instrumentalness     -0.337023     -0.110810     0.460449  0.619246       NaN   
key                  -0.723017      0.300242    -0.522064  0.380648       NaN   
liveness             -0.451586     -0.110364    -0.301253  0.431598       NaN   
loudness             -0.534465      0.480519    -0.196830  0.803240       NaN   
mode                  0.727002     -0.325737     0.340320 -0.164697       NaN   
popularity           -0.081570     -0.260637    -0.544042 -0.206500       NaN   
speechiness          -0.238296      0.512636     0.108601  0.577492       NaN   
tempo                -0.515959      0.104501    -0.197888  0.749502       NaN   
valence              -0.559762      0.705997    -0.549940  0.742572       NaN   
year                  0.022362      0.587595    -0.816192 -0.147486       NaN   

                  instrumentalness       key  liveness  loudness      mode  \
acousticness             -0.337023 -0.723017 -0.451586 -0.534465  0.727002   
danceability             -0.110810  0.300242 -0.110364  0.480519 -0.325737   
duration_ms               0.460449 -0.522064 -0.301253 -0.196830  0.340320   
energy                    0.619246  0.380648  0.431598  0.803240 -0.164697   
explicit                       NaN       NaN       NaN       NaN       NaN   
instrumentalness          1.000000  0.190802  0.075343  0.165557  0.176054   
key                       0.190802  1.000000  0.481926  0.390347 -0.542720   
liveness                  0.075343  0.481926  1.000000  0.443581 -0.304982   
loudness                  0.165557  0.390347  0.443581  1.000000 -0.287502   
mode                      0.176054 -0.542720 -0.304982 -0.287502  1.000000   
popularity               -0.421290  0.209416  0.494983  0.053249  0.036555   
speechiness               0.507088  0.354734  0.119763  0.438033 -0.071678   
tempo                     0.494478  0.459688  0.622519  0.498044 -0.065324   
valence                   0.081510  0.512892  0.402595  0.868947 -0.353598   
year                     -0.550457  0.164840 -0.121598 -0.039455 -0.206535   

                  popularity  speechiness     tempo   valence      year  
acousticness       -0.081570    -0.238296 -0.515959 -0.559762  0.022362  
danceability       -0.260637     0.512636  0.104501  0.705997  0.587595  
duration_ms        -0.544042     0.108601 -0.197888 -0.549940 -0.816192  
energy             -0.206500     0.577492  0.749502  0.742572 -0.147486  
explicit                 NaN          NaN       NaN       NaN       NaN  
instrumentalness   -0.421290     0.507088  0.494478  0.081510 -0.550457  
key                 0.209416     0.354734  0.459688  0.512892  0.164840  
liveness            0.494983     0.119763  0.622519  0.402595 -0.121598  
loudness            0.053249     0.438033  0.498044  0.868947 -0.039455  
mode                0.036555    -0.071678 -0.065324 -0.353598 -0.206535  
popularity          1.000000    -0.472676  0.165327  0.108494  0.157662  
speechiness        -0.472676     1.000000  0.408359  0.496562 -0.051541  
tempo               0.165327     0.408359  1.000000  0.600302  0.020874  
valence             0.108494     0.496562  0.600302  1.000000  0.385706  
year                0.157662    -0.051541  0.020874  0.385706  1.000000  "
1948 - 1958,"                  acousticness  danceability  duration_ms    energy  explicit  \
acousticness          1.000000     -0.414325     0.225742 -0.664671       NaN   
danceability         -0.414325      1.000000    -0.203329  0.425538       NaN   
duration_ms           0.225742     -0.203329     1.000000 -0.280255       NaN   
energy               -0.664671      0.425538    -0.280255  1.000000       NaN   
explicit                   NaN           NaN          NaN       NaN       NaN   
instrumentalness      0.207533     -0.097210     0.126062 -0.187843       NaN   
key                  -0.092808      0.004303    -0.016973  0.074686       NaN   
liveness             -0.123797     -0.150765    -0.071417  0.223371       NaN   
loudness             -0.453735      0.302160    -0.175910  0.792911       NaN   
mode                 -0.068956      0.053808    -0.101968  0.186683       NaN   
popularity           -0.119645      0.161502    -0.117535  0.069795       NaN   
speechiness          -0.225215      0.412589    -0.155302  0.291333       NaN   
tempo                -0.290620      0.083305    -0.112776  0.390463       NaN   
valence              -0.624540      0.597699    -0.337940  0.830018       NaN   
year                 -0.250537      0.046744     0.078776  0.229213       NaN   

                  instrumentalness       key  liveness  loudness      mode  \
acousticness              0.207533 -0.092808 -0.123797 -0.453735 -0.068956   
danceability             -0.097210  0.004303 -0.150765  0.302160  0.053808   
duration_ms               0.126062 -0.016973 -0.071417 -0.175910 -0.101968   
energy                   -0.187843  0.074686  0.223371  0.792911  0.186683   
explicit                       NaN       NaN       NaN       NaN       NaN   
instrumentalness          1.000000 -0.053124 -0.074996 -0.325126 -0.076935   
key                      -0.053124  1.000000 -0.052219  0.082327 -0.112872   
liveness                 -0.074996 -0.052219  1.000000  0.158364  0.030898   
loudness                 -0.325126  0.082327  0.158364  1.000000  0.144958   
mode                     -0.076935 -0.112872  0.030898  0.144958  1.000000   
popularity               -0.068968  0.003354  0.138092 -0.017066  0.038123   
speechiness              -0.060622  0.096981 -0.014414  0.107022  0.156076   
tempo                    -0.156222  0.091696  0.216157  0.325586 -0.032539   
valence                  -0.211049  0.071046  0.196444  0.636578  0.167529   
year                     -0.205939 -0.054598  0.061743  0.212496 -0.059488   

                  popularity  speechiness     tempo   valence      year  
acousticness       -0.119645    -0.225215 -0.290620 -0.624540 -0.250537  
danceability        0.161502     0.412589  0.083305  0.597699  0.046744  
duration_ms        -0.117535    -0.155302 -0.112776 -0.337940  0.078776  
energy              0.069795     0.291333  0.390463  0.830018  0.229213  
explicit                 NaN          NaN       NaN       NaN       NaN  
instrumentalness   -0.068968    -0.060622 -0.156222 -0.211049 -0.205939  
key                 0.003354     0.096981  0.091696  0.071046 -0.054598  
liveness            0.138092    -0.014414  0.216157  0.196444  0.061743  
loudness           -0.017066     0.107022  0.325586  0.636578  0.212496  
mode                0.038123     0.156076 -0.032539  0.167529 -0.059488  
popularity          1.000000     0.201025  0.275164  0.145277  0.163621  
speechiness         0.201025     1.000000  0.120153  0.316920  0.026910  
tempo               0.275164     0.120153  1.000000  0.338289  0.074713  
valence             0.145277     0.316920  0.338289  1.000000  0.152548  
year                0.163621     0.026910  0.074713  0.152548  1.000000  "
1958 - 1968,"                  acousticness  danceability  duration_ms    energy  explicit  \
acousticness          1.000000     -0.108907     0.032763 -0.567938 -0.042423   
danceability         -0.108907      1.000000    -0.192027  0.157348 -0.039798   
duration_ms           0.032763     -0.192027     1.000000 -0.163357  0.197525   
energy               -0.567938      0.157348    -0.163357  1.000000 -0.024716   
explicit             -0.042423     -0.039798     0.197525 -0.024716  1.000000   
instrumentalness      0.083074     -0.111746     0.192066 -0.133275 -0.010549   
key                  -0.009228     -0.000485    -0.036035  0.017889 -0.047994   
liveness             -0.077390     -0.078755    -0.041921  0.207936 -0.011171   
loudness             -0.417806      0.150324    -0.190013  0.769529 -0.007446   
mode                  0.018381      0.020744    -0.042250  0.028228  0.018092   
popularity           -0.133425      0.072366    -0.048203  0.158432  0.018772   
speechiness          -0.054990      0.095584    -0.021301  0.240655 -0.018332   
tempo                -0.121309     -0.098643    -0.007325  0.207033 -0.015290   
valence              -0.308181      0.534535    -0.311138  0.565352 -0.078185   
year                 -0.419981     -0.052239    -0.002734  0.223845  0.028007   

                  instrumentalness       key  liveness  loudness      mode  \
acousticness              0.083074 -0.009228 -0.077390 -0.417806  0.018381   
danceability             -0.111746 -0.000485 -0.078755  0.150324  0.020744   
duration_ms               0.192066 -0.036035 -0.041921 -0.190013 -0.042250   
energy                   -0.133275  0.017889  0.207936  0.769529  0.028228   
explicit                 -0.010549 -0.047994 -0.011171 -0.007446  0.018092   
instrumentalness          1.000000 -0.036007 -0.037164 -0.281361 -0.012445   
key                      -0.036007  1.000000  0.022269  0.021996 -0.034718   
liveness                 -0.037164  0.022269  1.000000  0.127086  0.022029   
loudness                 -0.281361  0.021996  0.127086  1.000000 -0.015320   
mode                     -0.012445 -0.034718  0.022029 -0.015320  1.000000   
popularity               -0.130049 -0.019719 -0.068346  0.128329 -0.047002   
speechiness               0.009821  0.100402  0.134789  0.069934 -0.031618   
tempo                     0.003471  0.070760  0.063153  0.108951  0.013812   
valence                  -0.225292  0.020108  0.115471  0.413232  0.043863   
year                     -0.057814  0.042015  0.092800  0.193668  0.009315   

                  popularity  speechiness     tempo   valence      year  
acousticness       -0.133425    -0.054990 -0.121309 -0.308181 -0.419981  
danceability        0.072366     0.095584 -0.098643  0.534535 -0.052239  
duration_ms        -0.048203    -0.021301 -0.007325 -0.311138 -0.002734  
energy              0.158432     0.240655  0.207033  0.565352  0.223845  
explicit            0.018772    -0.018332 -0.015290 -0.078185  0.028007  
instrumentalness   -0.130049     0.009821  0.003471 -0.225292 -0.057814  
key                -0.019719     0.100402  0.070760  0.020108  0.042015  
liveness           -0.068346     0.134789  0.063153  0.115471  0.092800  
loudness            0.128329     0.069934  0.108951  0.413232  0.193668  
mode               -0.047002    -0.031618  0.013812  0.043863  0.009315  
popularity          1.000000     0.017053  0.048515  0.089600  0.096205  
speechiness         0.017053     1.000000  0.110287  0.097458 -0.000489  
tempo               0.048515     0.110287  1.000000  0.198493  0.034024  
valence             0.089600     0.097458  0.198493  1.000000  0.050134  
year                0.096205    -0.000489  0.034024  0.050134  1.000000  "
1968 - 1978,"                  acousticness  danceability  duration_ms    energy  explicit  \
acousticness          1.000000     -0.106744    -0.119905 -0.593280  0.019182   
danceability         -0.106744      1.000000    -0.205987  0.090900  0.005222   
duration_ms          -0.119905     -0.205987     1.000000  0.043828 -0.014407   
energy               -0.593280      0.090900     0.043828  1.000000 -0.002887   
explicit              0.019182      0.005222    -0.014407 -0.002887  1.000000   
instrumentalness     -0.008596     -0.105818     0.203561  0.012496  0.056338   
key                  -0.023092      0.021151    -0.012765  0.021957  0.022674   
liveness             -0.030543     -0.118246    -0.002808  0.172205 -0.010591   
loudness             -0.395332      0.025753    -0.009127  0.742771 -0.049921   
mode                  0.050027     -0.002475    -0.132846 -0.045027  0.030592   
popularity           -0.072731      0.038485     0.006064  0.093483 -0.021074   
speechiness          -0.095655      0.161602    -0.026858  0.142782  0.000010   
tempo                -0.134693     -0.168662     0.000714  0.166330 -0.008364   
valence              -0.314805      0.537883    -0.217687  0.485439 -0.015574   
year                 -0.155269      0.140121     0.100547  0.151929  0.012967   

                  instrumentalness       key  liveness  loudness      mode  \
acousticness             -0.008596 -0.023092 -0.030543 -0.395332  0.050027   
danceability             -0.105818  0.021151 -0.118246  0.025753 -0.002475   
duration_ms               0.203561 -0.012765 -0.002808 -0.009127 -0.132846   
energy                    0.012496  0.021957  0.172205  0.742771 -0.045027   
explicit                  0.056338  0.022674 -0.010591 -0.049921  0.030592   
instrumentalness          1.000000 -0.010023 -0.010381 -0.125042 -0.062403   
key                      -0.010023  1.000000  0.007067  0.044898 -0.123380   
liveness                 -0.010381  0.007067  1.000000  0.100302  0.044907   
loudness                 -0.125042  0.044898  0.100302  1.000000  0.004953   
mode                     -0.062403 -0.123380  0.044907  0.004953  1.000000   
popularity               -0.097403  0.037620 -0.023198  0.092018  0.022756   
speechiness              -0.024215  0.073335  0.074213  0.082975 -0.053475   
tempo                     0.019108  0.017599 -0.011880  0.112439  0.003669   
valence                  -0.091307  0.000840  0.027047  0.276514  0.016962   
year                     -0.009254  0.025057 -0.020777  0.123776 -0.053332   

                  popularity  speechiness     tempo   valence      year  
acousticness       -0.072731    -0.095655 -0.134693 -0.314805 -0.155269  
danceability        0.038485     0.161602 -0.168662  0.537883  0.140121  
duration_ms         0.006064    -0.026858  0.000714 -0.217687  0.100547  
energy              0.093483     0.142782  0.166330  0.485439  0.151929  
explicit           -0.021074     0.000010 -0.008364 -0.015574  0.012967  
instrumentalness   -0.097403    -0.024215  0.019108 -0.091307 -0.009254  
key                 0.037620     0.073335  0.017599  0.000840  0.025057  
liveness           -0.023198     0.074213 -0.011880  0.027047 -0.020777  
loudness            0.092018     0.082975  0.112439  0.276514  0.123776  
mode                0.022756    -0.053475  0.003669  0.016962 -0.053332  
popularity          1.000000     0.013832  0.034179  0.046921 -0.009734  
speechiness         0.013832     1.000000  0.032080  0.118308  0.078577  
tempo               0.034179     0.032080  1.000000  0.087871  0.059718  
valence             0.046921     0.118308  0.087871  1.000000  0.053085  
year               -0.009734     0.078577  0.059718  0.053085  1.000000  "
1978 - 1988,"                  acousticness  danceability  duration_ms    energy  explicit  \
acousticness          1.000000     -0.155430    -0.069067 -0.639417 -0.077184   
danceability         -0.155430      1.000000    -0.032641  0.071911  0.015304   
duration_ms          -0.069067     -0.032641     1.000000  0.004948  0.005097   
energy               -0.639417      0.071911     0.004948  1.000000  0.064015   
explicit             -0.077184      0.015304     0.005097  0.064015  1.000000   
instrumentalness      0.133118     -0.191086     0.126475 -0.125421 -0.014516   
key                   0.007442      0.060509     0.012514 -0.009684 -0.002874   
liveness             -0.053445     -0.134626    -0.025701  0.135399  0.046132   
loudness             -0.470145      0.091089    -0.032834  0.779083  0.051795   
mode                  0.050850     -0.063156    -0.125155 -0.036137 -0.033732   
popularity           -0.108478      0.064337    -0.006762  0.121855 -0.015721   
speechiness          -0.138513      0.103090     0.006714  0.149070  0.323500   
tempo                -0.135610     -0.149122    -0.070927  0.199520  0.018749   
valence              -0.302983      0.577304    -0.138547  0.386898 -0.019969   
year                 -0.034333     -0.007327     0.091580  0.063509  0.105455   

                  instrumentalness       key  liveness  loudness      mode  \
acousticness              0.133118  0.007442 -0.053445 -0.470145  0.050850   
danceability             -0.191086  0.060509 -0.134626  0.091089 -0.063156   
duration_ms               0.126475  0.012514 -0.025701 -0.032834 -0.125155   
energy                   -0.125421 -0.009684  0.135399  0.779083 -0.036137   
explicit                 -0.014516 -0.002874  0.046132  0.051795 -0.033732   
instrumentalness          1.000000  0.001868 -0.051132 -0.262992 -0.009454   
key                       0.001868  1.000000 -0.013805  0.018268 -0.139074   
liveness                 -0.051132 -0.013805  1.000000  0.093157  0.038902   
loudness                 -0.262992  0.018268  0.093157  1.000000 -0.025485   
mode                     -0.009454 -0.139074  0.038902 -0.025485  1.000000   
popularity               -0.100383 -0.000324 -0.030197  0.141743  0.010866   
speechiness              -0.033431  0.023305  0.058376  0.088784 -0.050669   
tempo                    -0.076971  0.006844  0.053124  0.130272  0.023155   
valence                  -0.185508  0.023109 -0.011723  0.261502 -0.024050   
year                     -0.007541  0.032378 -0.025927 -0.008138 -0.014327   

                  popularity  speechiness     tempo   valence      year  
acousticness       -0.108478    -0.138513 -0.135610 -0.302983 -0.034333  
danceability        0.064337     0.103090 -0.149122  0.577304 -0.007327  
duration_ms        -0.006762     0.006714 -0.070927 -0.138547  0.091580  
energy              0.121855     0.149070  0.199520  0.386898  0.063509  
explicit           -0.015721     0.323500  0.018749 -0.019969  0.105455  
instrumentalness   -0.100383    -0.033431 -0.076971 -0.185508 -0.007541  
key                -0.000324     0.023305  0.006844  0.023109  0.032378  
liveness           -0.030197     0.058376  0.053124 -0.011723 -0.025927  
loudness            0.141743     0.088784  0.130272  0.261502 -0.008138  
mode                0.010866    -0.050669  0.023155 -0.024050 -0.014327  
popularity          1.000000    -0.015808  0.015470  0.077002 -0.037907  
speechiness        -0.015808     1.000000  0.054321  0.041541  0.033122  
tempo               0.015470     0.054321  1.000000  0.121230 -0.010668  
valence             0.077002     0.041541  0.121230  1.000000 -0.076931  
year               -0.037907     0.033122 -0.010668 -0.076931  1.000000  "
1988 - 1998,"                  acousticness  danceability  duration_ms    energy  explicit  \
acousticness          1.000000     -0.189458    -0.114836 -0.681343 -0.199913   
danceability         -0.189458      1.000000    -0.067560  0.114398  0.233111   
duration_ms          -0.114836     -0.067560     1.000000  0.011802  0.045799   
energy               -0.681343      0.114398     0.011802  1.000000  0.147876   
explicit             -0.199913      0.233111     0.045799  0.147876  1.000000   
instrumentalness      0.089476     -0.210002     0.113477 -0.119439 -0.030888   
key                  -0.025108      0.018488     0.012351  0.015738  0.046332   
liveness             -0.062846     -0.020866     0.013447  0.108428  0.098260   
loudness             -0.482825      0.130122    -0.006088  0.734081  0.159554   
mode                  0.094746     -0.090944    -0.084139 -0.068290 -0.087858   
popularity           -0.095635      0.041194     0.008093  0.080433  0.032608   
speechiness          -0.166097      0.293251     0.021111  0.134603  0.595538   
tempo                -0.070282     -0.209222    -0.049705  0.146525 -0.099204   
valence              -0.216184      0.533652    -0.232450  0.371099  0.023748   
year                 -0.001705      0.051762    -0.036510  0.045314  0.118147   

                  instrumentalness       key  liveness  loudness      mode  \
acousticness              0.089476 -0.025108 -0.062846 -0.482825  0.094746   
danceability             -0.210002  0.018488 -0.020866  0.130122 -0.090944   
duration_ms               0.113477  0.012351  0.013447 -0.006088 -0.084139   
energy                   -0.119439  0.015738  0.108428  0.734081 -0.068290   
explicit                 -0.030888  0.046332  0.098260  0.159554 -0.087858   
instrumentalness          1.000000 -0.004873 -0.053718 -0.295657 -0.045780   
key                      -0.004873  1.000000 -0.024258  0.000693 -0.159614   
liveness                 -0.053718 -0.024258  1.000000  0.092973 -0.009784   
loudness                 -0.295657  0.000693  0.092973  1.000000 -0.014316   
mode                     -0.045780 -0.159614 -0.009784 -0.014316  1.000000   
popularity               -0.082469 -0.008625 -0.033604  0.124264  0.004372   
speechiness              -0.083439  0.057062  0.111405  0.099716 -0.106735   
tempo                    -0.034339  0.009589 -0.027285  0.092118  0.025634   
valence                  -0.187754  0.026943  0.008174  0.232549 -0.028896   
year                     -0.012272 -0.001588  0.055234  0.195888 -0.018849   

                  popularity  speechiness     tempo   valence      year  
acousticness       -0.095635    -0.166097 -0.070282 -0.216184 -0.001705  
danceability        0.041194     0.293251 -0.209222  0.533652  0.051762  
duration_ms         0.008093     0.021111 -0.049705 -0.232450 -0.036510  
energy              0.080433     0.134603  0.146525  0.371099  0.045314  
explicit            0.032608     0.595538 -0.099204  0.023748  0.118147  
instrumentalness   -0.082469    -0.083439 -0.034339 -0.187754 -0.012272  
key                -0.008625     0.057062  0.009589  0.026943 -0.001588  
liveness           -0.033604     0.111405 -0.027285  0.008174  0.055234  
loudness            0.124264     0.099716  0.092118  0.232549  0.195888  
mode                0.004372    -0.106735  0.025634 -0.028896 -0.018849  
popularity          1.000000    -0.014342  0.002333  0.019147  0.028264  
speechiness        -0.014342     1.000000 -0.028210  0.101036  0.097679  
tempo               0.002333    -0.028210  1.000000  0.087222 -0.017482  
valence             0.019147     0.101036  0.087222  1.000000  0.007569  
year                0.028264     0.097679 -0.017482  0.007569  1.000000  "
1998 - 2008,"                  acousticness  danceability  duration_ms    energy  explicit  \
acousticness          1.000000     -0.143200    -0.005650 -0.722506 -0.190337   
danceability         -0.143200      1.000000    -0.093713  0.077861  0.213345   
duration_ms          -0.005650     -0.093713     1.000000 -0.085669  0.028879   
energy               -0.722506      0.077861    -0.085669  1.000000  0.157354   
explicit             -0.190337      0.213345     0.028879  0.157354  1.000000   
instrumentalness      0.204254     -0.231370     0.139829 -0.235427 -0.103462   
key                  -0.014236      0.023560     0.008110  0.035143  0.023676   
liveness             -0.084011     -0.081573     0.015965  0.163385  0.074636   
loudness             -0.602947      0.190900    -0.123427  0.770354  0.176022   
mode                  0.089118     -0.070028    -0.062991 -0.087895 -0.087798   
popularity           -0.105572      0.078135    -0.022657  0.097128  0.042826   
speechiness          -0.171286      0.213970     0.001281  0.185097  0.528449   
tempo                -0.109061     -0.217704    -0.031449  0.168805 -0.081481   
valence              -0.191093      0.570215    -0.238944  0.327385  0.079042   
year                 -0.010250     -0.045672    -0.028126  0.040212 -0.043108   

                  instrumentalness       key  liveness  loudness      mode  \
acousticness              0.204254 -0.014236 -0.084011 -0.602947  0.089118   
danceability             -0.231370  0.023560 -0.081573  0.190900 -0.070028   
duration_ms               0.139829  0.008110  0.015965 -0.123427 -0.062991   
energy                   -0.235427  0.035143  0.163385  0.770354 -0.087895   
explicit                 -0.103462  0.023676  0.074636  0.176022 -0.087798   
instrumentalness          1.000000 -0.023856 -0.070289 -0.453227 -0.034135   
key                      -0.023856  1.000000 -0.003995  0.016982 -0.133277   
liveness                 -0.070289 -0.003995  1.000000  0.105914 -0.013941   
loudness                 -0.453227  0.016982  0.105914  1.000000 -0.037556   
mode                     -0.034135 -0.133277 -0.013941 -0.037556  1.000000   
popularity               -0.086652 -0.009094 -0.012077  0.129970 -0.018131   
speechiness              -0.109006  0.041578  0.116497  0.147703 -0.123004   
tempo                    -0.055497  0.001413  0.022903  0.134338  0.026747   
valence                  -0.229469  0.053676  0.004123  0.284912 -0.042319   
year                     -0.015305 -0.016648 -0.009133  0.096978  0.002638   

                  popularity  speechiness     tempo   valence      year  
acousticness       -0.105572    -0.171286 -0.109061 -0.191093 -0.010250  
danceability        0.078135     0.213970 -0.217704  0.570215 -0.045672  
duration_ms        -0.022657     0.001281 -0.031449 -0.238944 -0.028126  
energy              0.097128     0.185097  0.168805  0.327385  0.040212  
explicit            0.042826     0.528449 -0.081481  0.079042 -0.043108  
instrumentalness   -0.086652    -0.109006 -0.055497 -0.229469 -0.015305  
key                -0.009094     0.041578  0.001413  0.053676 -0.016648  
liveness           -0.012077     0.116497  0.022903  0.004123 -0.009133  
loudness            0.129970     0.147703  0.134338  0.284912  0.096978  
mode               -0.018131    -0.123004  0.026747 -0.042319  0.002638  
popularity          1.000000     0.005970  0.003974  0.040354  0.007278  
speechiness         0.005970     1.000000 -0.011773  0.155594 -0.029298  
tempo               0.003974    -0.011773  1.000000  0.029974  0.076588  
valence             0.040354     0.155594  0.029974  1.000000 -0.055797  
year                0.007278    -0.029298  0.076588 -0.055797  1.000000  "
2008 - 2018,"                  acousticness  danceability  duration_ms    energy  explicit  \
acousticness          1.000000     -0.167937    -0.043002 -0.686209 -0.119769   
danceability         -0.167937      1.000000    -0.149403  0.108021  0.286740   
duration_ms          -0.043002     -0.149403     1.000000  0.028530 -0.025005   
energy               -0.686209      0.108021     0.028530  1.000000  0.010063   
explicit             -0.119769      0.286740    -0.025005  0.010063  1.000000   
instrumentalness      0.276494     -0.323154     0.023198 -0.292318 -0.155067   
key                  -0.021884      0.013743    -0.001686  0.045886 -0.010598   
liveness             -0.113457     -0.115749     0.025925  0.186142  0.053446   
loudness             -0.555315      0.321791     0.007803  0.704047  0.073219   
mode                  0.075909     -0.062442    -0.015278 -0.057639 -0.118345   
popularity            0.007819      0.134289    -0.095561 -0.055409  0.093178   
speechiness          -0.080211      0.204279    -0.047179  0.062963  0.480689   
tempo                -0.161875     -0.016838    -0.007726  0.213586  0.016073   
valence              -0.183000      0.442116    -0.156403  0.374333 -0.070735   
year                  0.049717      0.116552    -0.177139 -0.156352  0.224585   

                  instrumentalness       key  liveness  loudness      mode  \
acousticness              0.276494 -0.021884 -0.113457 -0.555315  0.075909   
danceability             -0.323154  0.013743 -0.115749  0.321791 -0.062442   
duration_ms               0.023198 -0.001686  0.025925  0.007803 -0.015278   
energy                   -0.292318  0.045886  0.186142  0.704047 -0.057639   
explicit                 -0.155067 -0.010598  0.053446  0.073219 -0.118345   
instrumentalness          1.000000 -0.036506  0.033829 -0.597828 -0.006118   
key                      -0.036506  1.000000 -0.012218  0.048781 -0.126963   
liveness                  0.033829 -0.012218  1.000000  0.036526 -0.019770   
loudness                 -0.597828  0.048781  0.036526  1.000000 -0.032616   
mode                     -0.006118 -0.126963 -0.019770 -0.032616  1.000000   
popularity               -0.061901 -0.001953 -0.032405  0.020445 -0.038477   
speechiness              -0.120136  0.015590  0.099527  0.041904 -0.098763   
tempo                    -0.146919  0.011999  0.000009  0.235965  0.013222   
valence                  -0.265492  0.048700 -0.009551  0.371285  0.006797   
year                     -0.004775  0.001862 -0.032190 -0.081209 -0.049774   

                  popularity  speechiness     tempo   valence      year  
acousticness        0.007819    -0.080211 -0.161875 -0.183000  0.049717  
danceability        0.134289     0.204279 -0.016838  0.442116  0.116552  
duration_ms        -0.095561    -0.047179 -0.007726 -0.156403 -0.177139  
energy             -0.055409     0.062963  0.213586  0.374333 -0.156352  
explicit            0.093178     0.480689  0.016073 -0.070735  0.224585  
instrumentalness   -0.061901    -0.120136 -0.146919 -0.265492 -0.004775  
key                -0.001953     0.015590  0.011999  0.048700  0.001862  
liveness           -0.032405     0.099527  0.000009 -0.009551 -0.032190  
loudness            0.020445     0.041904  0.235965  0.371285 -0.081209  
mode               -0.038477    -0.098763  0.013222  0.006797 -0.049774  
popularity          1.000000     0.043286 -0.016326 -0.019197  0.401348  
speechiness         0.043286     1.000000  0.069196  0.042638  0.161190  
tempo              -0.016326     0.069196  1.000000  0.098963 -0.051212  
valence            -0.019197     0.042638  0.098963  1.000000 -0.142645  
year                0.401348     0.161190 -0.051212 -0.142645  1.000000  "
2018 - 2028,"                  acousticness  danceability  duration_ms    energy  explicit  \
acousticness          1.000000     -0.363171    -0.035019 -0.647338 -0.195698   
danceability         -0.363171      1.000000    -0.163686  0.256474  0.387052   
duration_ms          -0.035019     -0.163686     1.000000  0.085377 -0.125546   
energy               -0.647338      0.256474     0.085377  1.000000  0.084441   
explicit             -0.195698      0.387052    -0.125546  0.084441  1.000000   
instrumentalness      0.434894     -0.484641    -0.061409 -0.477245 -0.216422   
key                   0.001891      0.027060     0.003157  0.046745 -0.027211   
liveness             -0.107744     -0.051789     0.031770  0.145098  0.040210   
loudness             -0.578722      0.461783     0.088606  0.751359  0.135972   
mode                  0.045635     -0.105819     0.028893 -0.069951 -0.109185   
popularity           -0.039821      0.103971     0.001636  0.088717 -0.068117   
speechiness          -0.157155      0.310083    -0.138119  0.058950  0.467977   
tempo                -0.192647      0.085232     0.026453  0.203415  0.102349   
valence              -0.210746      0.417625    -0.119747  0.404129  0.021743   
year                 -0.035795      0.026485    -0.058970  0.025923  0.050274   

                  instrumentalness       key  liveness  loudness      mode  \
acousticness              0.434894  0.001891 -0.107744 -0.578722  0.045635   
danceability             -0.484641  0.027060 -0.051789  0.461783 -0.105819   
duration_ms              -0.061409  0.003157  0.031770  0.088606  0.028893   
energy                   -0.477245  0.046745  0.145098  0.751359 -0.069951   
explicit                 -0.216422 -0.027211  0.040210  0.135972 -0.109185   
instrumentalness          1.000000 -0.052567 -0.022290 -0.779338  0.053082   
key                      -0.052567  1.000000 -0.000961  0.047388 -0.153858   
liveness                 -0.022290 -0.000961  1.000000  0.065653  0.003676   
loudness                 -0.779338  0.047388  0.065653  1.000000 -0.059344   
mode                      0.053082 -0.153858  0.003676 -0.059344  1.000000   
popularity               -0.096177  0.027015  0.003170  0.138077 -0.048987   
speechiness              -0.158139 -0.007474  0.038415  0.056056 -0.098122   
tempo                    -0.191574  0.018776  0.013648  0.219060  0.004835   
valence                  -0.298217  0.062816  0.034689  0.391687 -0.049338   
year                      0.016670 -0.019833  0.006187 -0.010496 -0.006609   

                  popularity  speechiness     tempo   valence      year  
acousticness       -0.039821    -0.157155 -0.192647 -0.210746 -0.035795  
danceability        0.103971     0.310083  0.085232  0.417625  0.026485  
duration_ms         0.001636    -0.138119  0.026453 -0.119747 -0.058970  
energy              0.088717     0.058950  0.203415  0.404129  0.025923  
explicit           -0.068117     0.467977  0.102349  0.021743  0.050274  
instrumentalness   -0.096177    -0.158139 -0.191574 -0.298217  0.016670  
key                 0.027015    -0.007474  0.018776  0.062816 -0.019833  
liveness            0.003170     0.038415  0.013648  0.034689  0.006187  
loudness            0.138077     0.056056  0.219060  0.391687 -0.010496  
mode               -0.048987    -0.098122  0.004835 -0.049338 -0.006609  
popularity          1.000000    -0.091676  0.020246  0.096418  0.171404  
speechiness        -0.091676     1.000000  0.146803  0.099799  0.064143  
tempo               0.020246     0.146803  1.000000  0.109852 -0.013273  
valence             0.096418     0.099799  0.109852  1.000000  0.054812  
year                0.171404     0.064143 -0.013273  0.054812  1.000000  "
